18.316150485914285 63.20095425371151
83.14251921104469 90.46887022162925
55.594719534783565 84.35331023119588
83.91369229681115 52.22625101657425
87.48533060531334 61.756160590359386
51.50574000782152 90.17637008996836
73.42556492049212 89.33092770736988
9.603313141493153 26.74403950515317
92.8272305757662 55.0237502040895
38.100733424235656 64.28337770656535
57.21545568613191 12.16248125310948
86.94115449393881 4.29656864618051
19.274550481390364 29.1435541102819
41.70689740143182 67.96200079013856
90.59448328502351 53.231016736655256
94.12788229799456 12.766930103535568
80.45607625097166 11.614690549192963
23.279045866335156 4.098935430523243
67.54413184999174 33.739506581642765
12.26937981164552 70.24854120732597
46.54784977480485 78.33657570338303
5.731753611425361 17.20937131291128
91.99135413419593 52.76480127302777
38.37740418496293 74.21761982791101
21.759002268332782 43.72445937351343
46.83272185754355 6.648625473350478
94.5043690970861 13.609372646763196
45.0863730793433 41.89865028225243
60.18829307664004 17.37480108354078
69.3937665543067 35.26672196709798
52.661235686619825 50.19491628292235
14.651335550247936 50.722520346502186
4.245429895001173 2.8573832958783796
99.7880533981778 56.32248214654544
64.5880386650854 46.848759366762614
89.60834960001056 63.55887571934089
1.2069332863235305 24.558630623532373
25.1920430966354 4.696287145378541
35.29828509946458 77.65460800827081
86.04719911138828 95.39219237819168
67.0248340811403 44.89120057915363
60.11137119264415 27.133935746853368
79.23112780813939 92.81142711019373
47.45062066486177 75.98687658007182
35.67252716609073 18.16666758523009
78.8188047431759 47.59154105327096
2.114029182306465 91.22821911544085
10.434934036749056 46.4995165969268
67.1012231824998 99.62928514850363
56.017511475158564 19.957679086319015
8.399556248409535 89.39356184098256
61.1807479156879 99.34167149908349
83.60018089355675 83.2332068442452
38.07802372199366 92.3003755199607
61.835256447402784 4.540131949954462
17.382500899775476 57.45054672515854
26.409084410227813 29.26483290801798
62.465211974972235 58.94420634111325
7.5293730436722495 53.3958816412207
61.81763554647793 6.480163858313592
47.51368271610983 40.28965314339295
95.61567850962125 3.33405708595631
41.62982847838733 10.958209932346685
80.45204953561279 12.433504455593924
65.55640784372818 17.683345331988487
12.739620560680997 30.09538779858407
86.49055255681922 48.24495439204095
1.203243924875541 54.47738826825961
20.86067759996808 13.759248757277398
35.85309422348873 12.949623194133475
98.43450847267555 50.37006229244882
93.55748797853464 61.585012605167975
58.27462042766069 33.699566591609766
17.94343245598087 43.29445785301872
78.62169716704692 9.854431206532066
19.639076542660217 10.66289880722362
13.147958602159393 63.60479717573014
89.35294733768669 54.96197435037402
89.28243652166303 97.05186260639071
50.10468404280839 81.39944645649747
23.473117557340185 14.362876004255087
32.461715875142495 10.321756051677443
36.71938408186082 99.29464635192791
4.139030834682211 71.24724001773444
55.50150548220972 71.54499334042114
57.80006533147859 86.30181261978134
87.49052407026791 66.54744574552026
29.088333232539554 20.727059021205484
16.369240133362485 97.78647192424785
82.61946786111805 57.61576746665897
4.321951666804081 63.104877945582025
1.362930109353211 71.15271587513271
72.39279786768448 0.7900333207969346
40.55612574239813 7.3828057100869255
84.24839249231349 11.446647651715391
2.8952572679595057 44.57956882028811
50.114537789383476 39.53733901015208
33.975181621383754 34.37761306267788
52.32382929340215 12.15273082969215
80.73238118864886 48.8448964583295
61.87703445525129 72.69218337002239
49.508445813545165 77.50570665898884
33.651963469753824 87.18472690711403
0.32220429812791496 16.78214525366888
21.290464388720075 14.657902681198355
36.07701784401927 12.2279722912795
96.43861522992985 2.3061067600114837
98.15900438607798 73.15176581326529
68.60613994805084 74.36112416601613
40.976340387191755 88.6906009574349
14.128085614424013 7.555877301461155
96.34771914258563 61.656291303843894
52.36049559626213 15.603401036633835
35.12402669879564 40.61030808132963
77.53452692566412 83.69288339646538
67.2895552336637 21.93722512268511
76.64409366288241 8.512878585357942
93.42018145720255 84.10133167652309
79.44361323198586 71.89000503206098
15.873696811583727 88.68934757409815
58.660221459976704 48.8199198793167
47.718877918003955 10.163256519709396
46.577855653135224 46.20346041771052
72.8036029191058 80.22468043311048
47.65416830073619 19.007480967819866
15.331859984025897 81.56154193627576
95.95594685326878 15.073514829379441
42.15306594361795 96.98644429718567
60.76057374390022 25.517069512809854
47.57886517266137 34.814570229596164
75.15253470110233 59.05168656644668
11.209639445839404 2.2591299505644202
41.56255345145079 11.881588048093683
12.773925149812637 81.83179718670357
84.34324129158604 46.88657781207962
15.957889646654344 9.186618676043645
40.99084696326247 17.945326735353206
68.32980533032926 26.624038158794107
46.90687897346296 37.38183297723443
73.57479088914093 68.9186568831319
47.129816298724805 49.73850685265314
2.8065396145342536 58.93184793387093
1.5442619164738325 17.599239425254197
86.81484933462687 9.181644376458188
67.54496864380788 17.326738514341365
27.198763718691644 26.1667055993846
3.8640901286491336 1.7770955918357867
25.629779883994118 8.65397012273813
91.0122368618748 27.450257587824865
20.240358495730305 71.51671828344294
13.23933488809923 48.91592183719794
39.772504048902725 78.13553684279161
0.022703541163371366 75.83274438753017
91.10511354960182 20.884616925685194
13.734194185359838 27.47810921582601
51.616854167927016 72.36867896936499
42.89563860983835 19.059359181447288
76.80454594077747 60.413253819069745
42.40371586728317 38.72397129100552
3.7858234636510613 73.85165521235116
14.42615886972477 37.04052570673022
49.750372258589536 47.905679584654756
5.078748957816925 68.5848454862254
66.35582995561236 2.5841663721452024
35.793401846576565 90.31761768233667
67.11398330428305 75.91420695680229
5.705714240193438 84.02164648793867
16.544251381482912 51.50541832296369
80.28608862185474 84.31907819925296
86.70519420277519 16.839537353295352
71.55976223621198 95.35318712057823
99.4884905955108 14.572587069064424
89.40597007598639 7.934374388807708
89.19915792450122 24.90189274410025
0.6684878138278116 48.916434091440344
78.27794629640312 4.841364546710714
78.65300537843181 11.265375726226413
35.65991367348333 13.552937908181594
39.584326290755826 65.2786114652443
93.89739037471887 36.70742947224688
80.74350942340386 18.294101491630233
55.85264056048832 97.92573129767612
46.52440922795977 76.37627658077281
45.1708256848706 64.35565435254357
20.84002985550928 30.621021729736718
63.246439981913824 11.911045778362295
65.69711008954043 67.0084695376927
69.77936393921082 62.673440264214776
10.051218771333959 68.46754019973055
17.34726423477134 82.51159099589796
61.599711609269505 43.67002726919883
3.6795566534470914 65.03806884851618
85.78818798951589 67.0884064205965
4.200068952991676 52.05613788004405
46.92126656526215 90.77353233759902
32.99361822401904 1.3097356844686492
84.21812215059255 43.400375515281375
42.95635104062332 79.03373976691078
84.04296642580749 29.669299940326045
94.09793592955579 97.37796861303514
20.34803713997081 94.3120788374166
71.7407392337899 21.1562453014423
46.065144771109225 80.88730615483584
94.48048672305454 24.567411976163044
51.327364284387976 22.50851028938228
33.23914426954061 47.30341483681239
13.68329265866336 53.87219702070636
46.92026062879773 17.004347857765957
74.39336875776561 94.85964629432674
88.9458961891101 23.801884956004614
9.83297154947672 47.46371105531776
81.32541181433105 27.522450859631064
27.48414697781325 51.36925168835009
38.66087459484846 77.449805671063
54.909709021231464 98.85860391003209
54.858766201701116 39.377873112448434
88.59456183404257 41.074776496822786
18.326580079090338 58.456081794601346
46.399809222739755 61.4733553396101
28.55555811156857 67.41090483052355
17.64092924574974 94.99159025953401
67.1329336194421 64.64915943104756
55.398934171751236 66.07728912974625
19.96022733251346 31.138634129678355
98.0359574745295 25.9900137997475
19.286265365085107 53.06200374384172
46.85835730953577 0.10295500068934205
1.015381784654601 94.58053830066106
96.5693478336989 62.581773558757035
10.620889213007933 66.29187608454278
64.87544265742177 83.13103421986139
53.2123644242882 21.013063151065168
50.038022242947264 45.10138511681948
11.748210004442761 64.72285981100279
94.17771848975217 38.441136555297504
16.8395527890306 45.42204210165557
74.3645457342114 17.539750615945525
40.706141968322605 30.19569537014948
77.32465259436748 85.61558936430082
53.3026096257877 75.90307070309676
52.57109014444947 49.51296900791279
23.18178246084297 28.53792867693642
62.974369661645866 84.74901293592619
69.02455649293732 80.70099442120755
43.907324270725255 37.5434455787582
65.5998690822346 54.85376618177254
82.73383644489465 66.2274437603271
47.31645725811925 59.08767780280435
70.32945448243149 37.123989156250246
51.6648642104273 76.29798963786955
35.32675906292491 12.25246116516493
47.37843229745946 41.51302743923816
84.34831330011382 15.10801131395465
10.94161292187561 8.992953039063888
76.59924374488031 19.87392333039515
24.008244652755415 93.31313608120058
56.62161030816672 85.26283015732957
46.04202754440273 11.79455186053957
58.10130886501966 35.6845057006024
35.438368595834966 68.23989085397702
42.76816580263942 25.130711419107087
55.14059290129306 10.69493526705635
2.31826976527183 85.99488621994195
56.8187414739738 24.58334147316753
37.883254526344736 9.895574806729368
14.48713946468062 6.884644822469655
6.075781632992927 98.95746568131986
59.838587702635834 40.16887386376576
94.69863129282238 80.82301846703793
23.42274629794877 39.80830977731831
62.039074397920444 86.2255079861075
34.748873667002556 42.017381475106276
80.09668228462164 21.77815306683305
17.736881361928646 96.48824346831373
92.18645579761045 88.90854644904582
12.478344932489527 14.204524074861224
20.293974840944685 32.75353266606058
94.76562328028953 64.4341240983008
81.59839870917517 92.96056690808193
97.0273252466284 36.044921200351
32.077941397548 53.35746269229558
74.22033345540204 74.45077871307087
7.329275356465603 46.69695065471645
49.12784021859542 91.31913423051013
94.44014385246999 88.21309257312882
85.59194372444277 75.86206748501252
87.82934736176308 66.03186220603425
60.099278056015415 70.79818698600987
48.52444463409235 54.4702540704119
38.7632470901233 46.30089356915978
42.41843676219423 57.05804671532382
57.191018238846794 78.57695294729584
80.88832595550176 68.7280601667577
10.67914388883432 1.0302938421629548
58.550648748187406 17.110504249507397
29.88904200345536 98.54240749657023
54.85826727323424 38.07541786701963
92.84471791173826 9.87283752338598
4.301869263588598 85.0803209797517
98.00118799357556 43.72654214187086
53.05736936100923 97.9745268540066
43.4222024407635 85.96622032019164
79.48256115642332 92.68320483784429
93.60024733149075 25.722336433718585
31.159828705795512 58.459840362974546
65.23084730926485 10.607677911296642
74.87411505427045 58.02408597994238
86.63994551539047 64.37962336270816
6.448410221520307 65.37167197720122
96.14443671129672 9.476253065388251
40.33729537740675 60.55415164723824
7.424896806651759 67.57976074732068
20.241590532889255 6.314407868849226
10.98047023106371 8.539872585029107
10.0606412127193 2.3018558605322093
55.06123679567294 34.28242044822063
40.048727135934804 22.479482706358034
31.80282425069606 75.85557358547155
13.914207650670207 27.82323097959293
19.99353917836153 33.29312174872147
43.36070827069206 74.4689880751564
37.90518283138423 25.410379293881935
0.4674928007375123 39.58095637921038
32.02766427823298 27.80551156628801
43.320691940986336 51.57461847983249
4.290599993786515 0.3544971606416425
89.08433596963009 41.63343566216526
62.919184248495185 9.791783255035247
43.60003985717943 35.1601532247882
67.16935161970102 26.119747065336828
90.06617177594461 30.29012074332902
2.3322588000162625 40.64710790615793
25.931161312737817 33.15462301840385
38.904270414955214 20.807626000843072
43.25518092303072 85.5658756122932
76.65364263476107 4.743523726920196
51.76754540283909 76.08992997263884
56.35517833664734 50.46596331380383
97.85224345869277 34.42119575486024
36.613340135142934 96.13611564854195
72.12925655767867 31.994397555654885
14.082696242899416 10.51298832403712
59.96733235549681 65.36802888852785
31.354638675865864 98.31048736519999
10.010302052423514 91.62029051372284
85.48357290067719 48.33261983121269
27.36795372775869 54.15316593556987
62.813791749225004 59.275677861828314
78.81624413927722 6.232543563528504
79.8282747659842 78.40402539618982
84.93618159898489 5.270890755638202
84.55923670807002 14.211724275562055
2.013475304397927 70.43162925350333
52.90156169161968 24.040902358067296
4.147151948376915 99.23754954469479
56.666276776477645 48.644048848588284
49.70743342068077 74.86886850263163
47.614562265305885 97.19681265612479
35.18975871773434 26.584777432250583
11.567635235302498 3.0178425311423007
68.44067520611652 21.26981322799072
63.79497308011379 11.327141329601142
31.787826778916617 99.9798598503934
17.314515618210578 11.791167637578749
62.04919954440021 87.9580761001386
70.13044425306903 45.18429293483486
38.30550289242225 49.34666875581394
59.09930319057347 12.726553700444764
58.403615183275534 15.137964953863225
78.81477269208736 12.971327115513132
35.400443441227466 71.37576276459946
54.87745522503403 89.35997783386242
73.259124924735 92.58900644157234
74.64963263532796 76.40659377952538
83.59282686636622 69.07912153302085
23.784393617482525 53.972235054583976
93.5950307363531 96.60627329827062
51.16973999964751 2.6666732652160463
68.02891099912038 90.97684566741911
61.88205350490852 94.73761916823436
95.2412312801567 23.408269500522284
77.31378939810358 11.78531077385453
98.0202034791428 88.18108157159777
6.501868349558904 7.726150282108025
42.89704512250879 77.17389151558253
87.3167923400116 88.21198639034648
63.58101430909491 41.935338391646745
70.18861606577303 67.35456657355901
39.90271933034432 5.079703042237272
50.04811365278614 2.549006686739741
25.05834659554964 76.83896010756061
39.43112363561855 81.1684980865279
8.1011394020164 38.420388419972305
16.90099947928948 36.09050801986011
80.37406079263445 84.10898485125468
72.56082284801839 25.070236184504534
59.12179780136388 72.3368756627197
14.451901970415214 81.23806384963594
5.9513779741755535 29.326845557134597
13.102268396957795 4.130178630454006
92.26945617429053 76.38926982902436
68.50932917730465 50.65501435626254
56.67760069212024 26.402148491974685
85.36502888482616 66.32604534541646
32.39797426897657 80.72817756725115
65.92089437669814 87.52242715718961
96.64719533303831 42.94700313411482
17.547275377949823 27.838403179244885
34.3411484812544 70.00279493735965
76.9431349590502 29.314685331437072
87.97972033565476 50.579261567975585
38.05567239971004 69.31237819347207
87.39663002111175 15.767844605499814
46.450254403751444 13.705559409943946
18.106356615693 99.1296455540336
92.20362968811425 66.86141314698521
11.033532247043665 80.34989507829552
96.46702220754825 0.7514298485462256
3.93997702262352 84.56596668793101
98.85447894589625 84.24825885084482
5.289966241769983 96.01527628371032
54.83551755935107 94.61906587856048
79.88409468049824 94.41481295631765
99.61545077587522 75.00492085474895
14.657621691798528 41.636361003955905
47.25477060205726 10.172731260080203
15.285670119765914 62.12941662561302
46.79834822528937 67.10426206091427
82.38975064383132 60.00995602234396
63.634938730792854 38.934497529240076
82.73908607978494 87.5794574791485
53.094416221870944 54.30425258236755
9.048583633038431 81.92831658040191
64.34849062224447 39.86438983389418
63.97723941129219 11.133511451806777
91.09130901205165 97.31283946413191
16.149716782470325 40.43094134137634
70.57062901923106 88.6961404878192
40.870874387534705 90.84300015276314
22.178439297490815 78.36649066849654
38.640251369934155 19.1982945348689
91.20758564895293 54.871745810149974
80.14818243005675 25.50488394303424
55.72284395664355 42.94658037514226
40.775717140233425 88.18620564296586
26.15270749634686 70.46558083072189
36.93059745854719 66.87192555306967
26.966862167723516 81.58449825188097
92.03886827936641 68.44761408892705
3.4717417780782633 19.904317596826825
97.63860625130792 28.294255258652633
21.260209061898884 93.7488593908066
17.87479629056228 68.20306809555554
5.572171258416225 56.56965604771147
60.899918259731024 3.9532316080599705
91.23144236912498 18.644743675151897
82.53609350089344 25.09988620196788
60.27669877643409 5.720239247290115
80.88149522852599 45.89958530019861
17.848990024116663 81.87871329508451
68.67436691578945 63.51748080644616
26.7102933145955 58.06453692942549
45.79045171907844 96.13038682791758
29.868723565311385 34.58155144699441
95.36825456028123 7.617041010671821
17.386198731408243 99.463722180111
94.0640625484539 8.806011600570862
90.76381829267511 84.97139503822989
48.511621212683885 37.12402831479692
90.17325233116382 49.683229990927444
18.868902546918108 70.34278967029198
35.714911572415545 63.466067849818565
93.19153455652491 97.81549728052283
46.05004662279427 31.457352458107913
38.008129120609226 58.11438914830377
46.7477948605161 67.02613072094671
70.93339149505931 73.29314072818494
42.303351136694666 34.05333565873404
87.56441676603279 96.62704298691796
98.13824873728512 86.32135328297036
56.7042179957858 42.5665452122606
9.145384509749121 62.11385380429177
59.53040398467376 87.66995321223759
16.594673334267075 86.55198360337944
70.83999380699726 29.565391984678147
3.9187354225619475 93.66397021267105
53.55808329805778 86.85941432318793
42.34779359433401 63.27928607304533
84.30827312334222 9.389990921233304
98.38741339730012 75.18960333105298
95.11352608054517 36.11651676962023
27.617708728051348 97.962447428383
82.27668458900477 45.64173416700827
67.25089830941013 26.186567125852456
45.94455945068423 42.637979288275154
6.032271118417787 4.2337162300120745
62.36639175216114 22.23702862295007
99.84979831253992 48.704587440657086
60.543079420569704 32.37935963692078
32.77678090007109 47.99733880315393
82.93935390051503 8.633829860559938
49.71268871080427 98.03914060498681
16.494579823539212 24.566483545296958
92.77798188063625 56.408770175951105
98.65981074363678 55.67214646201835
94.40993535444387 33.99794676466651
78.80518998042619 2.8275104363913783
81.96891002833033 67.3921842288932
43.197136641392696 88.05203557401778
53.99255547415023 24.96940711489508
68.60958299720187 39.02279775847602
78.5370484846524 53.90886385974327
34.22694169318875 78.1850546733249
2.858568279971596 41.90229883750506
19.45279652640467 66.29395144259213
53.14721586297638 80.23698840887428
44.45057315384901 15.26452952882671
50.30031862646883 58.12449336171852
42.28835029894596 30.641854982732795
27.534100334238488 30.735903184675394
77.22870831802643 6.262542834143769
82.59877553196961 86.60428024926303
65.59707088118368 7.30367635742838
50.92249981921195 43.31301119352797
61.146342679413124 61.88848008374283
16.80423362225114 5.8544887305948645
21.762456896320025 44.554900967875774
8.418108848148286 65.92537098222473
6.907677608424622 16.840896486140842
70.97227476394855 68.07966145735126
71.63969162591525 1.7898924609483835
15.12471359130273 9.43382932896254
23.588395645995554 31.026653179435982
44.379970717928586 70.15940897008942
2.710320594951221 29.338409382097474
46.77491465698318 33.4164747617486
75.42045835133122 84.85325165473148
64.21744771056963 2.6208296697919464
69.19280016348927 4.2780126495191695
37.39739738694102 41.60747781419414
79.48201363448813 3.3106536960654354
22.58655819015447 60.51185172792838
27.82792889112342 20.12241082321662
56.12025580315394 95.36644950835894
21.901509596595513 55.31565257817355
70.17969798707512 63.5729506859121
43.682655719664034 7.815539335636834
28.331278706994645 93.78581023518065
82.42213014011057 86.72803723599698
72.2940999712769 53.94684439103643
34.98732242553405 99.9488812952116
97.2058763738419 84.63244040573959
89.50726381615952 58.938190461704046
46.68705824658943 59.67991062724742
95.31809888189898 81.01456558834396
91.79411826069713 81.65082390960751
96.67289980954227 93.29173970714216
19.4527429392388 9.322536974250928
35.51062200049549 51.04197310980586
62.43311008854422 23.810656801923724
71.40749309906224 73.02269485073127
99.51911151897674 64.71509433800681
54.7332357820646 30.158658486111367
72.35679188233853 16.782210444258173
6.363922625171536 5.596364899293949
70.08959588912238 96.94712317727831
94.70897404929224 6.308067202349054
97.89371172935279 34.31789136707227
36.552274877850664 0.7549543197442943
67.86728098119077 70.43382165103475
36.512199807433255 27.086175299295554
88.47746610334838 64.84909817828584
25.78678253383052 20.80100865736353
42.73977577444455 41.267036012121004
7.1277658937103805 3.8358805411379704
92.00184382045364 86.64899736760364
1.1587890101741771 37.86707661159735
9.642232818038842 60.73439610991564
89.46749199774828 58.532320416922545
20.177021790898042 10.694913860524647
12.856740241752608 73.78574837758136
27.7536233440538 81.03118221248683
52.38623485522606 8.915045638889318
52.80898931289247 40.43387668120197
66.78530377739207 25.20613874387101
0.7995638481154699 83.49473394795166
79.04256138173915 28.804757390703816
37.27440575508948 96.36433116478021
74.98986151600808 94.5151480180552
23.703301189574365 14.49063165757175
4.432950229969745 42.958600468109175
84.55634024065955 71.8427302491861
29.45870181798532 58.42887022492486
87.21820933777786 47.7483129064448
15.476594936763599 27.863475689851402
33.857720457845 79.48435876590412
67.92778876589878 32.19993564866722
75.11876529719038 78.20396491021326
81.8115095962505 39.28835113623599
27.548796536807863 1.2681888616767112
6.452471468726029 71.69856744383458
19.935149376717433 22.25033230916904
10.222826885103743 11.02522979620274
46.93699759873466 51.80089146877229
81.87449946502787 90.02619422629823
78.91871214918417 74.15800072427525
50.44263905465588 30.834100194658866
77.52977726178726 24.13648900975296
46.00632000363202 4.701932108748331
43.10397731997645 71.46604400521352
26.011704382158264 13.747018664594401
56.84473870184822 90.44678172617226
69.75846923344393 51.05817051700552
45.57174225908148 72.08137967000539
6.995229621209242 98.80771835429452
82.78002330868087 41.742086529067215
51.41418817829357 7.626303858522688
37.50883493510116 18.179631984035005
74.96792168805058 76.49871595934763
59.67963190801243 14.569710819413206
75.29500321476034 21.542407705589383
67.88213718947502 41.13231964537278
54.775218629832715 10.691209875499407
99.45068889580475 56.93639346125142
97.80055380834082 58.631148525263185
39.97568301769488 68.08330652091236
25.194172803021964 30.08014987147102
35.95370094867717 44.229249515043165
88.75083145854018 2.7289748768545063
28.329531455069656 27.282852492180687
78.96689447037147 37.122104279304516
81.64492765017943 63.68572732895166
29.20466075741055 30.761343279606933
82.01082836357189 9.777406053493243
43.77938402853421 71.37916379797315
20.284162839192355 71.56037980387627
35.07954507969119 40.97332537024305
37.26901637970359 38.20685872213644
39.56407183383469 12.194705800475091
84.61326059755234 60.86463166668121
33.27528738793764 60.068954256420724
37.03434971562927 94.80760434443515
61.90036633954349 64.73913085670489
10.529031662102184 55.50131101301887
55.71577544922134 31.748119795654794
46.38727560319128 94.98125162042108
80.18694116513593 15.74537677062503
22.805645328657388 83.24291977312616
58.712498955711744 57.55864400595628
31.564491066692092 74.15893506739279
33.64379865684172 83.12251565613671
19.875588968315395 41.407009567098754
97.50897109733452 84.81517737657526
74.5204161433898 55.59401239930485
90.69282147605034 60.22957516415717
24.542328345357646 96.5639121382119
5.483934914965161 88.70520064636207
29.646230992420406 7.247448357817565
89.50400454362298 91.56966481773853
93.42250252891236 99.16103302746754
19.14415051139795 24.92124991390797
7.464570146925142 6.907506757895643
30.6383476093545 65.94594226588877
45.240858787266816 40.962576933297115
40.03195224890911 66.06134391376331
45.091021283310184 14.467112024335782
16.85448937715197 60.10711280035963
32.5865338435406 69.17987064003073
45.57730859369447 22.824841356076575
19.234803773697816 36.6273094005552
61.41757323955236 91.5325805707617
66.7004897737338 82.19737416992498
44.2674689346534 75.63341899397271
64.86461126345151 30.986757281969947
34.8727656204438 17.90492918327572
99.16679210225323 10.085211527315874
54.0651557482128 88.4236929342328
2.290913095549185 11.692186362738244
86.43708824581044 24.54388516090956
57.03141252582136 0.03130216520634832
26.355554520643565 13.836966479675661
54.63344239964778 52.21597550447531
56.385870909731196 87.90377511184812
20.847805845297383 20.197564646347665
30.311538185196785 3.8153812282953115
94.79632969637105 44.74134120931792
85.02377934890933 26.818807713144675
61.397482889193014 84.85025084161099
24.82617779174161 68.11583444821639
58.7043024747543 74.84287671373727
69.4519112998031 41.185352120238846
81.07519849008376 12.171221483231353
2.837271361683247 36.8113410132355
50.275598787131294 79.1597265554163
48.43679034206202 4.771834868830127
44.839810518818666 79.46870219108139
93.07994206219021 89.79307967583992
74.37619464567045 90.82560773925212
42.52950333552031 25.633614597061015
29.727156639830977 55.67613420719524
71.83572794974609 84.02440523008154
18.82756575278681 86.69717866376284
85.06723176886699 78.5932582896788
52.3789655232825 30.8364593125111
30.52348030525177 84.91643065472995
99.16667313349137 65.51791910644094
1.1561097233886874 69.43630566042633
28.606909816846006 40.97745612746848
87.75877080575202 72.16840778916918
66.91933882701528 5.092275848875771
37.861063958743316 91.76290832898763
28.202106724380283 81.56871439567912
39.387568482588684 9.44204302207522
47.028868284500525 27.40193786841307
72.45862251384291 38.97482253685853
96.37986118370208 99.13183993368628
93.64213738307028 44.793432589808766
99.73917259473683 36.8568997960451
17.22911121338062 36.51237416662869
65.91108697390263 17.32376629178305
78.70576754554142 1.831109448967272
54.9958918382054 40.784772663625
18.62416671584821 89.23910157947581
93.15003624218221 67.01045516989785
97.409641217487 85.70360034586705
29.507938465836403 96.95189313670878
55.17507695532468 20.602514041838628
1.4235813636759298 94.73941114427831
52.35922074225212 54.253119537607105
27.986657116823967 6.714072624197676
48.81392044183905 86.34702203323909
36.08945790378969 38.3288241500087
51.08419221157368 54.98222704397189
32.757700927369584 59.1917054794711
28.07446880325034 81.14637287221733
24.386419247451673 21.270412879182
81.67512611467126 59.96957808943195
49.685841289667344 28.115989747795002
70.24401456020844 30.45047691010655
38.29595595421469 5.539216948498438
73.82882579819616 2.215496236251646
11.321002783152956 27.662468973387945
41.50268302727015 68.47617448817009
99.13335037475399 15.79024927034306
11.92840840731404 83.58697552322951
36.724935290740746 7.9313219441407785
89.02890253849219 75.15784750564517
24.79757461800546 33.906164654963575
3.4138098984090925 28.66361219652226
61.46582713961536 36.892211918441454
71.74006920949148 54.572787598604755
83.56032198421485 42.88006117231343
30.43382168523314 0.5251762993267128
84.79021965456334 97.75055895084236
37.42491214642675 11.099147790409491
94.01747844332742 34.67879506921735
93.24079008463208 86.56614598655013
7.352763384631267 22.72553953375166
61.98205705089901 14.370894229437026
58.907553345855 12.607976091917683
5.155263700896473 46.97985138401452
43.19037196760348 54.50402988988399
34.53972671294002 13.6071106901823
58.72014235653092 88.01417763058133
38.27691861216199 14.076786764380367
74.33062568621702 34.95751070029868
0.3275276619378875 83.11077984165318
25.81518675863058 50.24077255257764
38.88421738956994 83.32231050521594
89.54517413952162 21.041383286399196
38.299561870281465 80.9817192758978
47.117975291103484 61.20302370829228
88.08693129985403 93.21468418214197
66.88449483223906 30.0504048338222
45.77329592114493 18.724077147368767
68.39844652393293 78.20457270307428
43.39159820121924 78.04257290606824
17.874985153539324 64.64855014329419
23.873281121889878 42.104994464839585
96.49961506981701 36.454314810903966
74.05310322657246 3.5797993825238295
47.29775770662397 95.0619049053089
57.37593925018587 1.9462117999478834
13.352364616216539 26.500997878961364
12.732275544303807 9.951620959975415
87.14201194180318 48.96491581942468
56.07298173240331 80.91777935022306
95.06460401817245 85.97976852792183
80.15067356128424 50.81835966771583
55.06265690089457 73.66366963896016
43.859809800768026 90.24164959531515
9.128126395784431 86.47853927518217
22.82453862529469 39.312798343346344
98.20952163052323 88.85952439614334
85.02967586729753 86.20575390048694
57.82112487176 22.831141081402272
72.25058673571445 53.613472155283226
95.31777869484954 96.15728894045192
7.989752797567473 63.86525726335304
50.86766250784096 24.906979413731044
36.26370200918828 63.633593155888015
47.20658988538143 57.04231976528623
63.42685822804752 56.19143669265595
6.921870988728851 64.02694147754069
31.663640827858707 26.919388335821537
37.96648430736421 77.07908994089043
41.361543921788794 1.782493990497236
4.943256567029019 6.713518768293037
64.25347501849822 3.613753753771154
59.25730588328191 64.69714039171878
44.237112875164975 39.5487767145004
64.36094260723571 31.58402345018938
37.132565899260086 14.048077086215361
91.14958676612947 29.848968562336054
45.06911929396449 1.7637652105221613
39.614297966400756 20.030828569248406
27.594765801720968 52.207227126825316
12.503116163594441 70.0136124323338
38.16561341652205 48.76817073554176
90.6594877638542 83.22243333561083
68.92162363873135 67.36657561347782
61.61219665565021 66.4145200740742
45.6764421678484 47.30258407721346
1.5971172155037516 65.80794653637864
24.438284036009293 11.942096306644567
35.38169666452025 77.6475184283681
82.92821851243676 47.92045264761173
23.082557959254412 54.305967843791755
45.645747127078316 42.011651948671755
92.25708946247937 4.16699494898114
29.77497222526232 22.355369849860416
90.71678468729746 73.3678026662004
39.99238173660304 59.793197055563304
51.43203836790604 81.01189972316466
82.17739012151524 22.368747368941754
32.189329263304586 50.76030702217531
53.97068613577651 83.03937656108799
25.57677168024074 24.876447204407693
7.228513616387577 23.30616167812988
50.8260681058767 35.39721179045677
38.987196114892406 56.28396900842784
63.08407565648412 83.8223771151051
42.502458797802255 61.38030723245651
87.46898137629509 49.33553712220835
35.99568804263264 37.059783934244464
40.53308159973472 62.039698766212794
58.19651684927018 72.98949052052883
3.3178517049828438 18.180854267276835
80.75525122954431 97.30367117923319
45.30104485982942 75.63494450629696
71.17517233987667 55.222485726115536
44.11377983180862 21.135167017328925
30.161554784937906 42.00013342808442
9.685853211331652 91.56412457906806
91.52430875788141 5.49657672854611
87.24941653619679 87.13235870513194
28.584707407754806 39.18091563941803
32.91439213152885 79.27318034811725
19.91618276962164 60.65747747341486
3.6245163463237695 84.25245819644407
31.098710246736083 55.00228857751572
48.86749325981342 89.71085656306596
65.91766905881387 30.667349172301773
72.11331833172468 15.647375113422957
15.251952937703061 14.890412903811168
0.17252662031920218 22.932683145078435
62.73489090297573 99.5269962574339
4.282453595461355 92.11658197813125
2.696247011776809 65.45472592662972
31.431835358707417 79.04857828694522
83.51035264526591 95.64743328637327
12.333679319486945 67.41696428269738
20.11043908559399 86.19589084533295
40.738600286940795 90.34514286335586
26.39213527003763 38.66159602904305
20.372348650803918 91.51367567732206
99.04253923087333 36.225904546082646
74.98426833382847 69.43641538465006
99.25496917687883 87.65980740062473
17.362838778091415 86.96652852959329
36.56685151028829 87.44416778157496
49.25581132901683 42.460750407482365
60.92966513028099 80.25963138801522
1.7655428862613731 31.101206122166346
64.24776114395037 69.07178686843571
23.328964910080362 22.362266891542337
50.23667687634749 5.191606380583968
24.57061886366446 20.567522048272114
17.505619365734503 36.70534120967961
29.586983257521627 9.875113966763704
14.506145991228115 18.193184624951108
66.93768597654764 67.82304181424759
33.75460714061179 86.8573471371476
92.70390956162571 93.20411991473856
49.973609986106084 7.632436509036012
50.60600175134764 10.95239272237608
76.64877904856678 0.99150506136918
21.721180195156254 60.315343973233595
1.468977078278888 51.826289797306416
67.8417546320336 28.45194927570317
50.022679709499165 86.22792770464739
64.73025797029823 56.48811357445419
38.485303188306574 48.71826927075592
12.411454840086956 2.59239929131575
57.250936739743295 87.52790266078463
41.579264236196856 58.46760880724764
58.46444725297485 75.13951781720094
68.12487306467789 52.45666664956891
58.04882822144894 74.73565905064982
60.23607594402074 20.23694478842497
83.35061002447132 14.855310778561481
54.08086907173561 24.91533261667801
39.66831779741644 84.98810981900803
87.00079353674536 85.77010954668062
86.89066829734062 0.817335373023087
50.00815866032461 89.0384107202855
87.20883759133886 23.598159659211284
74.48566523591714 38.9195964050146
33.40561521209696 21.759929682863167
28.98512568615822 68.44353157786153
27.779349635109362 13.248393917454514
65.45695282848381 71.62386337914283
24.65103878289997 85.51592516745795
45.2775195249732 90.29721099244931
63.907676725532845 68.46504130078482
22.104943564909085 43.78575462543394
85.14902090306097 71.78635627582194
62.849352677604955 19.73664745391651
38.43891711380366 9.015822658895678
20.445873555519345 34.73501519698405
6.227098390032282 59.69591773427323
37.617469932237604 61.237450111433176
95.15740467174403 52.92322713053835
27.570108840316976 19.90753211687888
65.6513184884554 60.51702644015337
73.34028305037683 65.31187878207116
91.23684652892385 15.395341972031574
63.522600437567704 57.79260698584265
99.70571100382396 58.7615594243039
58.09038009152194 72.66991440632906
40.08170154375318 6.6489690315850165
25.419792003789464 12.113616433473728
85.01801372109598 66.52703100418958
68.35155045670771 45.319991410170466
62.09045405041221 7.961511125015264
39.134275742614264 24.56319544403083
27.041588890383206 22.426578136181462
11.078215483103515 65.08214947550121
94.1492322117626 81.99212391176943
30.609387515627596 26.12629349131106
11.392967553607857 79.31340892260397
11.546496273581186 35.91515557233323
4.452649872099801 28.52380331562543
56.06575455837706 82.18667413277338
13.840338947943454 17.0421273498475
88.95243110261447 29.122661486349656
67.29657992512574 71.78441793087197
86.26037741565501 57.306730918850704
5.785537955994801 1.5597777908259114
75.78663627734555 73.94831818971954
21.54036130334497 53.546923392180915
7.238321283696125 75.40609351717002
9.45706973033209 74.9960275917284
0.8673456566358873 34.29136199863765
97.40233916083334 12.832007935675339
48.403757846350494 60.793373995815344
50.5620065439401 64.41891582110316
67.37515199033152 76.26684869229227
51.11227065466324 32.24193077988598
94.90192912465795 12.615000358863925
35.45153144669065 52.76787070367821
28.467241571406852 18.91037206835382
32.373435304187915 51.256330442799495
77.84398081042005 18.849291182827145
96.20757683193511 64.20351160533222
51.5909382123353 90.74187437985198
92.51855226142764 18.72361752996622
48.67166923384455 95.98238206971594
30.930231064003767 68.28046019150837
12.08462928749392 55.89758828095758
38.87357439673328 47.043449146164896
98.51661726844837 33.50590358188511
13.675247266867407 20.76622949530379
63.151841202404626 41.89739415367959
33.92202442450544 86.68675021054577
59.50802160139658 51.008800015065425
83.44820398850021 48.04240661561485
76.12495607213211 90.62408051122549
77.0727706480758 41.54874768221553
85.51650248413142 12.536533398059557
72.04231290007964 63.496750897691044
39.5523078254372 96.30388487863301
43.56728113457724 24.390488084803664
30.296825368008808 15.40373563956311
70.31175873117421 15.88393231612365
62.834954720344925 35.63015673736033
72.7831862586003 98.69245980511124
79.25063410618 78.82559239511697
49.421674520894356 9.29764852768702
18.746697545672 28.846190773441272
